month	market_excess_return	excess_return_fund_A	excess_return_fund_B
01/31/1995	2.18	0.23	0.86
02/28/1995	3.48	3.04	2.76
03/31/1995	2.50	2.43	2.12
04/30/1995	2.47	1.21	1.37
05/31/1995	3.41	2.12	2.42
06/30/1995	1.88	1.65	1.71
07/31/1995	2.88	3.19	2.83
08/31/1995	-0.20	-0.87	0.51
09/30/1995	3.76	2.63	3.04
10/31/1995	-0.82	-2.24	-1.10
11/30/1995	3.98	3.59	3.50
12/31/1995	1.36	0.80	1.24
01/31/1996	3.01	2.93	1.71
02/29/1996	0.57	1.14	1.49
03/31/1996	0.57	0.20	1.26
04/30/1996	1.01	1.00	1.37
05/31/1996	2.16	1.75	1.78
06/30/1996	0.01	-1.03	-0.40
07/31/1996	-4.90	-4.75	-4.18
08/31/1996	1.71	2.32	1.83
09/30/1996	5.18	4.87	4.05
10/31/1996	2.32	1.00	0.92
11/30/1996	7.18	5.68	4.89
12/31/1996	-2.32	-1.84	-1.36
01/31/1997	5.76	3.70	5.28
02/28/1997	0.42	1.26	-1.75
03/31/1997	-4.59	-4.99	-4.18
04/30/1997	5.54	4.20	2.95
05/31/1997	5.65	4.76	5.56
06/30/1997	4.09	2.61	2.53
07/31/1997	7.51	5.57	7.49
08/31/1997	-5.97	-4.81	-3.70
09/30/1997	5.04	5.26	4.53
10/31/1997	-3.76	-3.18	-3.00
11/30/1997	4.24	2.81	2.52
12/31/1997	1.24	1.23	1.93
01/31/1998	0.68	-0.44	-0.70
02/28/1998	6.82	5.11	6.45
03/31/1998	4.73	5.06	3.45
04/30/1998	0.58	-0.95	0.64
05/31/1998	-2.12	-1.65	-1.70
06/30/1998	3.65	2.96	3.65
07/31/1998	-1.46	-0.30	-2.15
08/31/1998	-14.89	-16.22	-13.87
09/30/1998	5.95	4.54	4.40
10/31/1998	7.81	5.09	4.24
11/30/1998	5.75	4.88	5.25
12/31/1998	5.38	7.21	6.80
01/31/1999	3.83	2.25	2.76
02/28/1999	-3.46	-4.48	-3.36
03/31/1999	3.57	2.66	2.84
04/30/1999	3.50	1.89	1.85
05/31/1999	-2.70	-2.46	-1.66
06/30/1999	5.15	4.03	4.96
07/31/1999	-3.50	-3.53	-2.10
08/31/1999	-0.89	-1.44	-2.45
09/30/1999	-3.13	-3.25	-1.72
10/31/1999	5.94	5.16	1.90
11/30/1999	1.67	2.87	3.27
12/31/1999	5.45	8.04	6.65
01/31/2000	-5.43	-4.50	-1.24
02/29/2000	-2.32	1.00	2.54
03/31/2000	9.31	6.37	5.39
04/30/2000	-3.47	-4.50	-5.01
05/31/2000	-2.55	-3.37	-4.97
06/30/2000	2.06	0.14	5.66
07/31/2000	-2.04	-1.41	1.41
08/31/2000	5.71	6.80	5.51
09/30/2000	-5.79	-5.24	-5.32
10/31/2000	-0.98	-2.48	-5.40
11/30/2000	-8.39	-7.24	-11.51
12/31/2000	-0.01	2.11	3.19
01/31/2001	3.01	-0.18	4.47
02/28/2001	-9.50	-5.79	-8.54
03/31/2001	-6.75	-5.56	-6.23
04/30/2001	7.38	4.86	4.28
05/31/2001	0.35	0.15	0.13
06/30/2001	-2.71	-3.76	-1.61
07/31/2001	-1.28	-2.54	-2.10
08/31/2001	-6.57	-5.09	-5.72
09/30/2001	-8.36	-6.74	-7.55
10/31/2001	1.69	0.79	2.08
11/30/2001	7.50	4.32	5.45
12/31/2001	0.73	1.78	1.99
01/31/2002	-1.60	-1.13	-3.41
02/28/2002	-2.06	-0.97	-2.81
03/31/2002	3.63	3.25	4.57
04/30/2002	-6.21	-4.53	-3.47
05/31/2002	-0.88	-1.92	-0.95
06/30/2002	-7.25	-6.05	-5.42
07/31/2002	-7.95	-6.52	-7.67
08/31/2002	0.52	-0.20	1.72
09/30/2002	-11.01	-9.52	-6.18
10/31/2002	8.66	3.32	4.96
11/30/2002	5.77	3.69	1.61
12/31/2002	-5.99	-4.88	-3.07
01/31/2003	-2.72	-1.73	-2.44
02/28/2003	-1.59	-0.57	-2.37
03/31/2003	0.87	1.01	1.50
04/30/2003	8.14	6.57	5.34
05/31/2003	5.18	4.87	6.56
06/30/2003	1.18	0.59	1.08
07/31/2003	1.69	1.64	3.54
08/31/2003	1.88	1.25	1.06
09/30/2003	-1.14	-1.42	-1.20
10/31/2003	5.59	5.23	4.14
11/30/2003	0.81	0.67	1.11
12/31/2003	5.16	4.79	4.69
01/31/2004	1.77	0.80	2.44
02/29/2004	1.33	0.91	1.12
03/31/2004	-1.60	-0.98	-1.88
04/30/2004	-1.65	-2.67	-1.81
05/31/2004	1.31	0.60	0.77
06/30/2004	1.86	1.58	1.48
07/31/2004	-3.41	-2.92	-4.36
08/31/2004	0.29	-0.44	-0.11
09/30/2004	0.97	1.09	1.88
10/31/2004	1.42	0.22	1.10
11/30/2004	3.90	4.72	5.53
12/31/2004	3.24	2.46	3.27